0	0	0	0	0	0	0	0	0	0	0	2	2	2	2	2	2	2	2	2	3	3	3	0	0	0	0	0	0	0	0	0	0	0	0	4	4	4	4	4	0	0	0	0	0	0	0	0	0	0
0	0	0	0	0	1	1	1	1	0	0	2	2	2	2	2	2	2	2	2	3	3	3	3	4	4	4	4	4	4	0	0	0	0	4	4	4	4	4	4	4	4	0	0	0	5	0	0	0	0
0	0	0	0	1	1	1	1	1	0	0	2	2	2	2	2	2	2	4	2	4	3	3	3	3	4	3	3	4	4	4	4	0	4	4	4	4	4	4	4	4	4	5	0	0	5	5	0	0	0
0	0	0	1	1	1	1	1	1	1	0	0	2	2	2	4	4	4	4	4	4	4	4	4	4	4	3	3	3	3	4	4	4	4	4	4	4	4	4	4	5	0	0	0	0	5	5	0	0	0
0	0	0	1	1	1	1	1	1	1	2	0	0	2	4	2	2	4	2	2	4	4	4	4	3	3	3	3	3	3	4	4	4	4	4	4	4	4	4	4	0	0	5	0	0	5	5	5	0	0
0	0	1	1	1	1	1	1	1	1	1	1	0	0	2	4	4	4	2	4	4	3	4	3	3	3	3	3	3	3	4	4	4	4	4	4	4	4	4	0	0	5	5	0	0	5	5	5	0	0
0	0	1	1	1	1	1	6	1	1	1	6	1	0	0	4	4	2	4	4	4	3	3	3	3	3	3	3	3	4	4	4	4	4	4	4	4	4	4	4	4	5	4	0	0	5	5	5	0	0
0	0	1	1	1	1	1	6	1	1	2	6	6	6	0	4	2	2	2	2	4	4	4	3	3	3	3	3	3	4	4	4	4	4	4	4	4	4	4	4	5	5	4	5	0	5	5	5	0	0
0	1	1	1	6	6	6	6	6	6	6	6	2	6	0	4	4	2	2	4	4	3	3	3	3	3	3	3	3	0	0	0	0	4	4	4	4	4	4	4	5	5	4	5	0	5	5	5	0	0
0	1	1	1	1	1	6	6	6	1	2	2	6	6	0	0	8	8	2	2	3	3	3	3	3	3	3	3	0	3	4	4	4	4	4	4	0	4	4	4	4	5	4	4	0	5	5	5	0	0
0	6	6	6	6	6	6	6	6	6	7	7	7	6	7	0	8	4	7	7	8	8	8	3	8	8	8	0	0	4	4	9	9	9	9	9	9	0	4	9	4	10	4	4	0	5	5	5	0	0
6	6	6	6	6	6	6	6	6	6	7	7	7	6	7	0	8	8	7	7	8	8	8	3	8	8	0	0	8	8	9	9	9	9	9	9	9	9	0	9	4	4	4	4	0	5	5	5	0	0
6	6	6	6	6	6	6	6	6	6	6	6	7	7	7	0	0	8	8	8	8	8	8	3	0	0	0	8	8	8	9	9	9	9	9	9	9	9	9	0	0	10	4	4	0	0	5	5	0	0
6	6	6	6	6	6	6	6	6	6	6	7	7	7	7	7	0	0	8	8	8	8	8	8	0	8	8	8	8	8	9	9	9	9	9	9	9	9	9	9	10	0	0	4	4	0	5	5	0	0
6	6	6	6	6	6	6	6	6	6	6	6	7	7	7	7	7	0	8	8	8	8	8	0	0	8	8	8	8	8	9	9	9	9	9	9	9	9	9	9	10	10	0	0	0	0	0	0	0	0
6	6	6	6	6	6	6	6	6	6	7	6	7	7	7	7	7	0	0	8	8	0	0	0	8	8	8	8	8	8	9	9	9	9	9	9	9	9	9	9	10	10	10	10	10	4	0	10	10	0
6	6	6	6	6	6	6	6	6	6	7	7	7	7	7	7	7	7	0	0	0	0	8	8	8	8	8	8	8	8	9	9	9	9	9	9	9	9	9	9	10	10	10	10	10	4	0	10	10	0
6	6	6	6	6	6	6	6	6	6	6	7	7	7	7	7	7	7	7	0	8	8	8	8	8	8	8	8	8	8	9	9	9	9	9	9	9	9	9	9	10	10	10	10	10	4	0	10	10	0
6	6	6	6	11	6	6	6	6	6	6	7	7	7	12	7	7	7	7	7	8	8	8	8	8	8	8	8	8	8	9	9	9	9	9	9	9	9	9	9	10	10	10	4	4	4	0	10	10	0
6	6	6	6	11	11	6	6	6	6	7	7	7	7	12	12	7	7	7	7	8	8	8	8	8	8	8	8	8	8	8	9	9	9	9	9	9	9	9	9	10	10	10	4	10	4	0	0	10	0
0	11	11	11	11	11	11	11	11	11	12	12	12	12	12	12	12	12	12	12	13	13	13	13	13	13	13	13	13	13	14	14	9	14	14	14	14	14	14	14	15	15	10	15	10	15	15	0	0	0
0	0	11	11	11	11	11	11	11	11	12	12	12	12	12	12	12	12	12	12	13	13	13	13	13	13	13	13	13	13	14	14	14	14	14	14	14	14	14	14	15	15	15	15	15	15	15	15	15	0
11	11	11	11	11	11	11	11	11	11	12	12	12	12	12	12	12	12	12	12	13	13	13	13	13	13	13	13	13	13	14	14	14	14	14	14	14	14	14	14	15	15	15	15	15	15	15	15	15	0
11	11	11	11	11	11	11	11	11	11	12	12	12	12	12	12	12	12	12	12	13	13	13	13	13	13	13	13	13	13	13	14	14	14	14	14	14	14	14	14	15	15	15	15	15	15	15	15	15	15
11	11	11	11	11	11	11	11	11	11	12	12	12	12	12	12	12	18	12	12	13	13	13	13	13	13	13	13	13	13	14	14	14	14	14	14	14	14	14	14	15	15	15	15	15	15	15	15	15	15
11	11	11	11	11	11	11	11	11	11	12	12	12	12	12	12	12	18	12	12	13	13	13	13	13	13	13	13	13	13	14	14	14	14	14	14	14	14	14	14	15	15	15	15	15	15	15	15	15	15
11	11	11	11	11	11	11	11	11	11	12	12	12	12	12	12	12	18	12	12	13	13	13	13	13	13	13	13	13	13	13	14	14	14	14	14	14	14	14	14	15	15	15	15	15	15	15	15	15	15
0	11	11	11	11	11	11	11	11	11	12	12	12	12	12	12	12	18	12	12	13	13	13	13	13	13	13	13	13	13	13	14	14	14	14	14	14	14	14	14	15	15	15	15	15	15	15	15	15	15
0	11	11	11	11	11	11	11	11	11	12	12	12	12	12	12	12	18	18	12	13	13	13	13	13	13	13	13	18	13	13	14	14	14	14	14	14	14	14	14	14	15	15	15	15	15	15	15	15	15
0	11	11	11	11	11	11	11	11	16	11	12	12	12	12	12	12	18	18	13	13	13	13	13	13	13	13	13	13	18	18	14	14	14	14	14	14	14	14	14	15	15	15	15	15	20	15	15	15	15
0	16	16	16	16	16	16	16	16	16	17	17	17	17	12	18	18	18	18	18	18	18	18	18	18	18	18	18	18	18	18	19	19	19	19	19	19	19	19	19	20	20	20	20	20	20	20	20	20	20
0	16	16	16	16	16	16	16	16	16	17	17	17	17	17	17	17	18	18	17	18	18	18	18	18	18	18	18	18	18	0	19	19	19	19	19	19	19	19	19	20	20	20	20	20	20	20	20	20	20
0	0	16	16	16	16	16	16	16	16	17	17	17	17	17	17	17	17	18	17	18	18	18	18	18	18	18	18	0	0	0	19	19	19	19	19	19	19	19	19	20	20	20	20	20	20	20	20	20	20
0	0	16	16	16	16	16	16	16	16	17	17	17	17	17	17	17	17	17	17	18	18	18	18	18	18	18	18	0	18	19	18	19	19	19	19	19	19	19	19	20	20	20	20	20	20	20	20	20	0
0	0	16	16	16	16	16	16	16	16	17	17	17	17	17	17	17	17	17	17	18	18	18	18	18	18	18	0	0	18	18	18	19	19	19	19	19	19	19	19	20	20	20	20	20	20	20	20	20	0
0	0	0	16	16	16	16	16	16	16	17	17	17	17	17	17	17	17	17	17	18	18	18	18	18	18	0	0	18	18	19	19	19	19	19	19	19	19	19	19	20	20	20	20	20	20	20	20	20	0
0	0	0	16	16	16	16	16	16	16	17	17	17	17	17	17	17	17	17	17	18	18	18	18	18	18	0	18	18	18	19	22	22	19	19	19	19	19	19	24	24	20	20	20	20	20	20	20	20	0
0	0	0	0	16	16	16	16	16	16	17	17	17	17	17	17	17	17	17	17	18	18	18	18	18	0	0	18	18	18	19	19	19	19	19	19	19	19	19	24	20	24	20	20	20	20	20	20	20	0
0	0	0	0	16	16	16	16	16	16	17	17	17	17	17	17	17	17	17	17	18	18	18	18	0	18	18	18	18	18	23	22	19	19	19	19	19	19	19	24	24	24	25	20	20	20	20	20	20	0
0	0	0	0	16	16	16	16	16	16	17	17	17	17	22	17	17	17	17	17	18	18	18	0	18	18	18	18	18	22	24	24	24	19	19	19	19	19	19	24	20	20	25	20	20	20	20	20	20	0
0	0	0	0	21	21	21	21	21	0	22	22	22	22	22	22	22	22	22	22	0	0	0	23	23	23	23	23	23	22	24	24	24	24	24	24	24	24	24	24	25	25	25	25	25	25	25	25	25	0
0	0	0	0	21	21	21	21	21	0	22	22	22	22	22	22	22	22	22	0	23	23	23	23	23	23	23	23	23	22	22	24	24	24	24	24	24	24	24	24	25	25	25	25	25	25	25	25	0	0
0	0	0	0	0	21	21	21	0	0	22	22	22	22	22	22	22	22	0	22	23	23	23	23	23	23	23	23	23	22	24	24	24	24	24	24	24	24	24	24	25	25	25	25	25	25	25	25	0	0
0	0	0	0	0	21	21	0	0	22	22	22	22	22	22	22	22	22	22	23	23	23	23	23	23	23	23	23	23	22	22	22	24	24	24	24	24	24	24	24	25	25	25	25	25	22	22	0	0	0
0	0	0	0	0	21	0	0	21	21	22	22	22	22	22	22	22	22	22	22	23	23	23	23	23	23	23	23	23	23	24	22	24	24	24	24	24	24	24	24	25	25	25	25	25	22	22	0	0	0
0	0	0	0	0	0	0	22	22	22	22	22	22	22	22	22	22	22	22	22	23	23	23	23	23	23	23	23	23	23	24	24	24	22	24	24	24	24	22	22	25	25	25	25	22	22	0	0	0	0
0	0	0	0	0	0	0	0	0	0	22	22	22	22	22	22	22	22	22	22	23	23	23	23	23	23	23	23	23	22	22	22	22	24	24	24	24	22	22	22	25	25	25	25	22	22	0	0	0	0
0	0	0	0	0	0	0	0	0	0	22	22	22	22	22	22	22	22	22	22	22	23	23	23	23	23	23	22	22	22	22	22	24	24	24	24	24	22	22	22	22	25	25	25	22	0	0	0	0	0
0	0	0	0	0	0	0	0	0	0	0	0	0	22	22	22	22	22	22	22	22	22	22	22	22	22	22	22	22	22	22	22	22	22	22	22	22	22	0	22	22	22	22	22	22	0	0	0	0	0
0	0	0	0	0	0	0	0	0	0	0	0	0	0	0	0	22	22	22	22	22	22	22	22	22	22	22	22	22	22	22	22	22	22	22	22	24	0	0	0	22	22	22	22	0	0	0	0	0	0
